500
1433930398
1106412057
640477417
59117270
2120519271
1893586918
1027842903
2104660314
1528734569
642221070
421852381
1956612032
1316030463
1814558260
559292256
581442362
1630503356
184650218
1237629167
806952867
269524441
1272182305
1852616826
2137335155
1678481048
229356479
1729092987
1576577469
1528713575
697945520
1048756383
815160326
1804357577
1689233800
874277596
1777393200
1435337071
1902120499
1734569867
816587992
396857921
8938600
625716376
1712888384
1823496860
1185008632
146847098
1306516568
1369658850
1384476265
2113469436
1639183291
509174923
1818602614
1629034799
40172323
2047959094